<?xml version="1.0"?>
<opencv_storage>
<calibration_Time>"06/14/18 01:47:31"</calibration_Time>
<nrOfFrames>13</nrOfFrames>
<image_Width>640</image_Width>
<image_Height>480</image_Height>
<board_Width>9</board_Width>
<board_Height>6</board_Height>
<square_Size>50.</square_Size>
<FixAspectRatio>1.</FixAspectRatio>
<!-- flags:  +fix_aspectRatio +fix_principal_point +zero_tangent_dist -->
<flagValue>14</flagValue>
<Camera_Matrix type_id="opencv-matrix">
  <rows>3</rows>
  <cols>3</cols>
  <dt>d</dt>
  <data>
    5.4205166424460583e+002 0. 3.1950000000000000e+002 0.
    5.4205166424460583e+002 2.3950000000000000e+002 0. 0. 1.</data></Camera_Matrix>
<Distortion_Coefficients type_id="opencv-matrix">
  <rows>5</rows>
  <cols>1</cols>
  <dt>d</dt>
  <data>
    -2.8546888316263475e-001 1.1383350618179262e-001 0. 0.
    -4.2740442606281168e-002</data></Distortion_Coefficients>
<Avg_Reprojection_Error>4.6464056522746805e-001</Avg_Reprojection_Error>
<Per_View_Reprojection_Errors type_id="opencv-matrix">
  <rows>13</rows>
  <cols>1</cols>
  <dt>f</dt>
  <data>
    4.08983350e-001 1.17909944e+000 1.98856458e-001 2.37679094e-001
    6.28284156e-001 2.11104065e-001 3.17031682e-001 2.80456960e-001
    2.40302086e-001 1.90677494e-001 3.06091398e-001 5.58849633e-001
    1.85537145e-001</data></Per_View_Reprojection_Errors>
<!-- a set of 6-tuples (rotation vector + translation vector) for each view -->
<Extrinsic_Parameters type_id="opencv-matrix">
  <rows>13</rows>
  <cols>6</cols>
  <dt>d</dt>
  <data>
    1.5085251599030630e-001 2.8833437275040974e-001
    6.3504528617149931e-003 -3.0272991721754028e+002
    -2.0425700051032825e+002 8.1039735913815059e+002
    3.9101252555203769e-001 6.5839808356160245e-001
    -1.3534685811874303e+000 -2.6864238798974986e+002
    1.7836949210203315e+002 7.1284527389081688e+002
    -2.8335007155309078e-001 2.1152514420345164e-001
    3.5159089621160722e-001 -2.3518599914777664e+002
    -1.8971790542010086e+002 6.4498213821712795e+002
    -1.2516263765665750e-001 2.6129029059802977e-001
    -7.9748441223212087e-003 -3.5125937619524007e+002
    -1.2221561446367748e+002 6.7252580405801189e+002
    -2.8565110448463904e-001 4.5312568901370481e-001
    1.3101376416837984e+000 -3.8422261674034289e+001
    -2.2069461401969841e+002 6.3923477262636175e+002
    4.1197072366373821e-001 3.2742704094135971e-001
    1.6405122562884573e+000 1.8045444677564626e+002
    -1.2113505532007377e+002 6.7524580061652398e+002
    1.9069388386961747e-001 3.7388722063843588e-001
    1.8581011395938840e+000 -1.1344683834717847e+002
    -1.3116337417846904e+002 7.8503586948663201e+002
    -7.7795017969739672e-002 5.0241748599147407e-001
    1.7457348546967137e+000 1.8255636116573368e+000
    -1.6636531840278678e+002 6.3713803387481391e+002
    1.9405318512099937e-001 -4.0834960499649964e-001
    1.2832986059034271e-001 -2.8900111151303992e+002
    -1.5112600215651955e+002 5.6499815293076404e+002
    -4.1587393666551192e-001 -4.7754999647773200e-001
    1.3376623885150629e+000 -6.0844754378069474e+001
    -2.1113031569364139e+002 6.8168513273349799e+002
    -2.3131318236135248e-001 3.7561520363765483e-001
    1.5262193414829650e+000 -5.3773518659809930e+001
    -1.9479619298581187e+002 6.4968656053131906e+002
    4.6354646030732066e-001 -2.5966526648017552e-001
    1.2285598435545388e+000 -8.9386603834583767e+001
    -1.7352424158416437e+002 5.8941797919630778e+002
    -1.6834566095246131e-001 -4.5185125260531184e-001
    1.3446113177405978e+000 -6.5457678383339982e+001
    -2.0600097705907874e+002 6.3027676207962145e+002</data></Extrinsic_Parameters>
<Image_points type_id="opencv-matrix">
  <rows>13</rows>
  <cols>54</cols>
  <dt>"2f"</dt>
  <data>
    1.27647018e+002 1.10525284e+002 1.53829468e+002 1.07840530e+002
    1.81373917e+002 1.05091309e+002 2.10973267e+002 1.02411697e+002
    2.41482910e+002 1.00091209e+002 2.74369110e+002 9.79860229e+001
    3.08526398e+002 9.60569305e+001 3.44047424e+002 9.42468719e+001
    3.80814117e+002 9.30852585e+001 1.28752365e+002 1.41965729e+002
    1.54646210e+002 1.40038925e+002 1.82243683e+002 1.38161743e+002
    2.11302551e+002 1.36324570e+002 2.42431747e+002 1.34782898e+002
    2.74815857e+002 1.33581741e+002 3.08911011e+002 1.32242615e+002
    3.44680328e+002 1.31384750e+002 3.81290985e+002 1.30572144e+002
    1.29666092e+002 1.73374359e+002 1.55428970e+002 1.72203995e+002
    1.83139954e+002 1.71473969e+002 2.12427856e+002 1.70366684e+002
    2.43153534e+002 1.69920502e+002 2.75354828e+002 1.69247726e+002
    3.09415009e+002 1.68598007e+002 3.45020721e+002 1.68387970e+002
    3.81549866e+002 1.68350113e+002 1.30219513e+002 2.04194534e+002
    1.57050964e+002 2.04298569e+002 1.84595444e+002 2.04330948e+002
    2.13382019e+002 2.04274445e+002 2.44068970e+002 2.04381348e+002
    2.76392700e+002 2.04542664e+002 3.10110870e+002 2.05047287e+002
    3.45336273e+002 2.05532486e+002 3.81727753e+002 2.06095749e+002
    1.33159668e+002 2.35676102e+002 1.58949936e+002 2.36244110e+002
    1.86232986e+002 2.37157806e+002 2.15036636e+002 2.37984848e+002
    2.45316696e+002 2.38793518e+002 2.77297272e+002 2.39985321e+002
    3.10707367e+002 2.40867462e+002 3.45646210e+002 2.42042938e+002
    3.81636017e+002 2.43305222e+002 1.32856094e+002 2.65558624e+002
    1.60937698e+002 2.67607086e+002 1.88204834e+002 2.69033844e+002
    2.16894318e+002 2.70562775e+002 2.46811646e+002 2.72303162e+002
    2.78412354e+002 2.74135590e+002 3.11328003e+002 2.75842926e+002
    3.45999115e+002 2.77698242e+002 3.81423767e+002 2.79427917e+002
    1.28079315e+002 3.71512360e+002 1.20215820e+002 3.44348694e+002
    1.12852547e+002 3.19478088e+002 1.05204216e+002 2.91918732e+002
    9.69336853e+001 2.61355347e+002 8.83628006e+001 2.27325714e+002
    7.96360626e+001 1.89411224e+002 7.04237137e+001 1.47436279e+002
    6.20465126e+001 1.01162003e+002 1.59152893e+002 3.78818939e+002
    1.53475754e+002 3.53650940e+002 1.47752762e+002 3.28824890e+002
    1.41623917e+002 3.01451172e+002 1.35062912e+002 2.70562866e+002
    1.28214264e+002 2.36161926e+002 1.21215401e+002 1.97457840e+002
    1.13913139e+002 1.54473495e+002 1.06699120e+002 1.06497322e+002
    1.92852234e+002 3.90136505e+002 1.88651169e+002 3.63279114e+002
    1.84521240e+002 3.38536255e+002 1.80322586e+002 3.11077026e+002
    1.75833755e+002 2.80379822e+002 1.71095810e+002 2.45469940e+002
    1.66126389e+002 2.06520355e+002 1.61136642e+002 1.62361908e+002
    1.56330338e+002 1.13350769e+002 2.27127777e+002 3.97447571e+002
    2.25141388e+002 3.72384094e+002 2.23189484e+002 3.48317261e+002
    2.21063431e+002 3.20836914e+002 2.18898529e+002 2.90283173e+002
    2.16630081e+002 2.55240356e+002 2.14276047e+002 2.15915833e+002
    2.12087357e+002 1.71121857e+002 2.10152557e+002 1.21021988e+002
    2.63098175e+002 4.06621521e+002 2.63272461e+002 3.81677582e+002
    2.63241821e+002 3.57775787e+002 2.63529419e+002 3.30666473e+002
    2.63954132e+002 3.00039886e+002 2.64659119e+002 2.65322540e+002
    2.65131439e+002 2.26179871e+002 2.66389679e+002 1.80996048e+002
    2.67999695e+002 1.30138016e+002 2.98972961e+002 4.15546844e+002
    3.01719360e+002 3.90706268e+002 3.04460449e+002 3.66947540e+002
    3.07187073e+002 3.40343018e+002 3.10481598e+002 3.10172302e+002
    3.14076324e+002 2.75664856e+002 3.18125427e+002 2.36373856e+002
    3.22859924e+002 1.91313660e+002 3.28279358e+002 1.40449860e+002
    1.32964737e+002 8.94696655e+001 1.64486588e+002 9.69033508e+001
    1.98349472e+002 1.05158463e+002 2.34515427e+002 1.14303352e+002
    2.73299530e+002 1.24412811e+002 3.14247528e+002 1.35590942e+002
    3.57399811e+002 1.47666458e+002 4.02256256e+002 1.60869522e+002
    4.48057556e+002 1.75112717e+002 1.14571800e+002 1.22618423e+002
    1.45705368e+002 1.31238113e+002 1.79651443e+002 1.40764832e+002
    2.16073608e+002 1.51330353e+002 2.55051590e+002 1.62705338e+002
    2.96723602e+002 1.75257339e+002 3.40615814e+002 1.88669357e+002
    3.86451263e+002 2.02968292e+002 4.33647308e+002 2.18111282e+002
