每幅图像的标定误差：
第1幅图像的平均误差：0.0712864像素
第2幅图像的平均误差：0.0770692像素
第3幅图像的平均误差：0.0718635像素
第4幅图像的平均误差：0.0705073像素
第5幅图像的平均误差：0.0910941像素
第6幅图像的平均误差：0.0659714像素
第7幅图像的平均误差：0.0641414像素
第8幅图像的平均误差：0.0767204像素
第9幅图像的平均误差：0.0583737像素
第10幅图像的平均误差：0.056803像素
第11幅图像的平均误差：0.0676829像素
第12幅图像的平均误差：0.0807665像素
第13幅图像的平均误差：0.0701906像素
总体平均误差：0.0709593像素

相机内参数矩阵：
[530.0394109870309, 0, 338.8877250825446;
  0, 530.217499459916, 232.3375650087274;
  0, 0, 1]

畸变系数：
[-0.2651714853469178, -0.064166300600251, 0.0007277414702511299, -0.00101702902708397, 0.3324625315401739]


第1幅图像的旋转向量：
[-28.39059047543431;
  6.895844683419125;
  166.6967100487168]
第1幅图像的旋转矩阵：
[0.9200776802294304, 0.3906031266578852, -0.029770115698704;
  -0.3917273778372968, 0.917899912496937, -0.06331991859463471;
  0.002593028412077031, 0.06992101317343413, 0.9975491607537218]
第1幅图像的平移向量：
[-2.949222387363805;
  -0.01822114831678629;
  0.4151876769056639]

第2幅图像的旋转向量：
[26.47570176751821;
  43.88709606111797;
  135.5996141614385]
第2幅图像的旋转矩阵：
[0.9038432377646529, -0.4012188597633605, 0.1486298358920509;
  0.4122193736616971, 0.9096425341288273, -0.05124107806870761;
  -0.1146411336522247, 0.1075819997670341, 0.9875644403283559]
第2幅图像的平移向量：
[-2.01677157813034;
  1.707886194504049;
  0.8388334891161315]

第3幅图像的旋转向量：
[-33.46970873076575;
  5.638071029640564;
  114.451870641886]
第3幅图像的旋转矩阵：
[0.9999982237768765, 0.001882484233603101, -9.325342986496351e-005;
  -0.001882535285463924, 0.9999980765452777, -0.000550424058184548;
  9.221708588486309e-005, 0.0005505986333808231, 0.9999998441685648]
第3幅图像的平移向量：
[2.798730736108634;
  0.5090213181927009;
  -0.282051195426717]

第4幅图像的旋转向量：
[-39.01580097163782;
  23.64532621383982;
  125.598265597787]
第4幅图像的旋转矩阵：
[-0.01482880818764885, -0.9915898475849222, -0.1285678055122844;
  0.8769553364017758, -0.07466790579924601, 0.4747357599760136;
  -0.4803430486685346, -0.1057084576089615, 0.8706872444142916]
第4幅图像的平移向量：
[3.001699504614487;
  -0.003851973937958496;
  -0.3703015930069152]

第5幅图像的旋转向量：
[-24.28295918624326;
  -33.43944683606599;
  127.7473773175066]
第5幅图像的旋转矩阵：
[-0.6251535674220988, -0.6218426130299032, -0.4716935252466005;
  0.7731982702021744, -0.5758950533060232, -0.2655359157138972;
  -0.106524420185179, -0.5307133427734737, 0.8408304797677213]
第5幅图像的平移向量：
[2.204798794171341;
  1.74756486849582;
  -0.5810882684651534]

第6幅图像的旋转向量：
[23.17267635080632;
  -31.00706147954211;
  154.1289298038378]
第6幅图像的旋转矩阵：
[-0.2351495521038587, -0.9719095404418994, -0.009825138338511147;
  0.9000990830642317, -0.2139384757549786, -0.3795417885537322;
  0.3667783101715315, -0.0980926795925807, 0.9251224229246977]
第6幅图像的平移向量：
[-1.840628878115874;
  -2.050183977796937;
  0.3831910404440462]

第7幅图像的旋转向量：
[-36.02843996763653;
  -41.92033350827506;
  170.8896032512325]
第7幅图像的旋转矩阵：
[-0.7848918599275244, 0.5730384840113785, -0.2357364292201202;
  -0.3988966429666679, -0.758414960473236, -0.5154495280435347;
  -0.4741584507835269, -0.3105376685239992, 0.8238568564855459]
第7幅图像的平移向量：
[-1.734061014943842;
  -2.394064750327654;
  0.4549317425313765]

第8幅图像的旋转向量：
[-14.83287659161738;
  -42.2542036880938;
  139.0060429110715]
第8幅图像的旋转矩阵：
[0.05244875347932034, -0.9228277428229487, -0.3816255826523785;
  0.9790980015907081, 0.122720364896931, -0.1621937585748784;
  0.1965101308827291, -0.3651419848714552, 0.9099753289757845]
第8幅图像的平移向量：
[1.879084906515993;
  2.332204622684956;
  -0.65091939937017]

第9幅图像的旋转向量：
[-34.15294781552927;
  16.99071377985844;
  118.441583445901]
第9幅图像的旋转矩阵：
[0.3835850408293878, 0.8724200855155376, -0.3028955444389679;
  -0.9223876448041918, 0.3457944257882314, -0.172125674454346;
  -0.04542630476379345, 0.3454119417200993, 0.9373510768931017]
第9幅图像的平移向量：
[-2.876627576479348;
  -0.1955102728495937;
  -0.6085468333808926]

第10幅图像的旋转向量：
[-20.85626807390157;
  -34.2483528108195;
  106.308975031145]
第10幅图像的旋转矩阵：
[0.8709326107743655, -0.4597763017652479, -0.1734420359221468;
  0.4745571036874156, 0.8785679426668188, 0.05398078786017232;
  0.1275615256633406, -0.1293217787275797, 0.9833635821593028]
第10幅图像的平移向量：
[2.068698504768586;
  1.711504275466518;
  0.6265752219252425]

第11幅图像的旋转向量：
[-28.62536541919141;
  -38.61544382381319;
  131.1429398306483]
第11幅图像的旋转矩阵：
[0.1625109280854893, -0.8819258177845583, -0.442489604598607;
  0.9809909149010089, 0.1926118940060342, -0.02361108148921495;
  0.1060519831708726, -0.4302412232834587, 0.8964627525185186]
第11幅图像的平移向量：
[2.062330609504234;
  2.024719994424916;
  -0.4673930092365429]

第12幅图像的旋转向量：
[-33.13035757614689;
  -23.20901035207319;
  124.6114969594551]
第12幅图像的旋转矩阵：
[0.6203337569765819, 0.7830515889190211, 0.04490255055912994;
  -0.7467112902918651, 0.6071251088717438, -0.271700848596634;
  -0.2400172471010714, 0.1350159667182718, 0.9613336620680426]
第12幅图像的平移向量：
[-2.163819061347917;
  -1.588107521966182;
  -0.3527442012481297]

第13幅图像的旋转向量：
[-26.02358960904265;
  -31.15522219969342;
  104.8824245321004]
第13幅图像的旋转矩阵：
[0.8165586689084604, 0.5642057799216138, 0.1220810310141868;
  -0.5393575263597474, 0.8210550022521276, -0.186981662298347;
  -0.2057313758023739, 0.08683617437337007, 0.9747482135560239]
第13幅图像的平移向量：
[2.257559004000231;
  1.849219559712646;
  0.6283456677304385]


